10115
10115
10117
10119
10178
10179
10243
10245
10247
10249
10315
10317
10318
10319
10365
10367
10369
10405
10407
10409
10435
10437
10439
10551
10553
10555
10557
10559
10585
10587
10589
10623
10625
10627
10629
10707
10709
10711
10713
10715
10717
10719
10777
10779
10781
10783
10785
10787
10789
10823
10825
10827
10829
10961
10963
10965
10967
10969
10997
10999
12043
12045
12047
12049
12051
12053
12055
12057
12059
12099
12101
12103
12105
12107
12109
12157
12159
12161
12163
12165
12167
12169
12203
12205
12207
12209
12247
12249
12277
12279
12305
12307
12309
12347
12351
12353
12355
12357
12359
12435
12437
12439
12459
12487
12488
12489
12526
12527
12555
12557
12559
12587
12589
12619
12621
12623
12627
12629
12679
12681
12685
12687
12689
13051
13053
13055
13057
13059
13086
13088
13089
13125
13127
13129
13156
13158
13159
13187
13189
13347
13349
13351
13353
13355
13357
13359
13403
13405
13407
13409
13435
13437
13439
13465
13467
13469
13503
13505
13507
13509
13581
13583
13585
13587
13589
13591
13593
13595
13597
13599
13627
13629
14050
14052
14053
14055
14057
14059
14089
14109
14129
14163
14165
14167
14169
14193
14195
14197
14199
19273
20095
20097
20099
20144
20146
20148
20149
20206
20249
20251
20253
20255
20257
20259
20354
20355
20357
20359
20457
20459
20535
20537
20539
21029
21031
21033
21035
21037
21039
21073
21075
21077
21079
21107
21109
21129
21147
21149
21217
21218
21220
21224
21225
21227
21228
21244
21255
21256
21258
21259
21261
21266
21271
21272
21274
21279
21335
21337
21339
21354
21357
21358
21360
21365
21368
21369
21371
21376
21379
21380
21382
21385
21386
21388
21391
21394
21395
21397
21398
21400
21401
21403
21406
21407
21409
21423
21435
21436
21438
21439
21441
21442
21444
21445
21447
21449
21465
21502
21509
21521
21522
21614
21629
21635
21640
21641
21643
21644
21646
21647
21649
21680
21682
21683
21684
21698
21702
21706
21709
21710
21712
21714
21717
21720
21723
21726
21727
21729
21730
21732
21734
21737
21739
21745
21755
21756
21762
21763
21765
21769
21770
21772
21775
21776
21781
21782
21784
21785
21787
21789
22041
22043
22045
22047
22049
22081
22083
22085
22087
22089
22111
22113
22115
22117
22119
22143
22145
22147
22149
22159
22175
22177
22179
22297
22299
22301
22303
22305
22307
22309
22335
22337
22339
22359
22391
22393
22395
22397
22399
22415
22417
22419
22453
22455
22457
22459
22523
22525
22527
22529
22547
22549
22559
22587
22589
22605
22607
22609
22761
22763
22765
22767
22769
22844
22846
22848
22850
22851
22869
22880
22885
22889
22926
22929
22949
23552
23554
23556
23558
23560
23562
23564
23566
23568
23569
23570
23589
23611
23617
23619
23623
23626
23627
23628
23629
23669
23683
23684
23858
23860
23863
24103
24105
24106
24107
24109
24111
24113
24114
24116
24118
24119
24143
24145
24146
24147
24148
24149
24159
24161
24211
24214
24217
24220
24222
24223
24226
24229
24232
24235
24238
24239
24242
24244
24245
24247
24248
24250
24251
24253
24256
24257
24306
24321
24326
24327
24329
24534
24536
24537
24539
24558
24568
24576
24582
24588
24598
24601
24613
24616
24619
24620
24623
24625
24626
24632
24634
24637
24644
24647
24796
25335
25336
25337
25348
25355
25358
25361
25364
25365
25368
25370
25371
25373
25374
25376
25377
25379
25421
25436
25451
25462
25469
25474
25479
25482
25485
25486
25488
25489
25491
25492
25494
25495
25497
25499
25524
25548
25551
25554
25560
25563
25566
25569
25572
25573
25576
25578
25579
25582
25584
25587
25588
25593
25594
25596
25597
25599
25878
26121
26122
26123
26125
26127
26129
26131
26133
26135
26160
26169
26180
26188
26197
26203
26209
26215
26219
26316
26340
26345
26349
26382
26384
26386
26388
26389
26409
26419
26427
26434
26441
26446
26452
26465
26474
26486
26487
26489
26506
26524
26529
26532
26548
26553
26556
26571
26579
26603
26605
26607
26624
26629
26632
26639
26655
26670
26676
26683
26689
26721
26723
26725
26736
26757
26759
26789
26802
26810
26817
26826
26831
26835
26842
26844
26845
26847
26849
26871
26892
26897
26899
26901
26903
26904
26906
26907
26909
26919
26931
26935
26936
26937
26939
26954
26969
27211
27232
27239
27243
27245
27246
27248
27249
27251
27252
27254
27257
27259
27283
27299
27305
27308
27313
27318
27321
27324
27327
27330
27333
27336
27337
27339
27356
27367
27374
27383
27386
27389
27404
27412
27419
27432
27442
27446
27449
27472
27474
27476
27478
27568
27570
27574
27576
27578
27580
27607
27612
27616
27619
27624
27628
27632
27637
27638
27639
27711
27721
27726
27729
27749
27751
27753
27755
27777
27793
27798
27801
27804
27809
28195
28197
28199
28201
28203
28205
28207
28209
28211
28213
28215
28217
28219
28237
28239
28259
28277
28279
28307
28309
28325
28327
28329
28355
28357
28359
28717
28719
28755
28757
28759
28777
28779
28790
28816
28832
28844
28857
28865
28870
28876
28879
29221
29223
29225
29227
29229
29303
29308
29313
29320
29323
29328
29331
29336
29339
29342
29345
29348
29351
29352
29353
29355
29356
29358
29359
29361
29362
29364
29365
29367
29369
29378
29379
29386
29389
29392
29393
29394
29396
29399
29439
29451
29456
29459
29462
29465
29468
29471
29472
29473
29475
29476
29478
29479
29481
29482
29484
29485
29487
29488
29490
29491
29493
29494
29496
29497
29499
29525
29549
29553
29556
29559
29562
29565
29568
29571
29574
29575
29576
29578
29579
29581
29582
29584
29585
29587
29588
29590
29591
29593
29594
29596
29597
29599
29614
29633
29640
29643
29646
29649
29664
29683
29690
29693
29699
30159
30161
30163
30165
30167
30169
30171
30173
30175
30177
30179
30419
30449
30451
30453
30455
30457
30459
30519
30521
30539
30559
30625
30627
30629
30655
30657
30659
30669
30823
30826
30827
30851
30853
30855
30880
30890
30900
30916
30926
30938
30952
30966
30974
30982
30989
31008
31020
31028
31029
31032
31033
31035
31036
31039
31061
31073
31079
31084
31085
31087
31088
31089
31091
31093
31094
31096
31097
31099
31134
31135
31137
31139
31141
31157
31162
31167
31171
31174
31177
31180
31185
31188
31191
31195
31196
31199
31224
31226
31228
31234
31241
31246
31249
31275
31303
31311
31319
31515
31535
31542
31547
31552
31553
31555
31556
31558
31559
31582
31592
31595
31600
31603
31604
31606
31608
31609
31613
31618
31619
31621
31622
31623
31626
31627
31628
31629
31632
31633
31634
31636
31637
31638
31655
31675
31683
31688
31691
31693
31698
31699
31700
31702
31707
31708
31710
31711
31712
31714
31715
31717
31718
31719
31737
31749
31785
31787
31789
31812
31832
31840
31848
31855
31860
31863
31867
31868
32105
32107
32108
32657
32676
32683
32689
32694
32699
32756
32758
32760
32791
32805
32816
32825
32832
33098
33100
33102
33104
33106
33129
33142
33154
33157
33161
33165
33175
33178
33181
33184
33189
33813
33818
34117
34119
34121
34123
34125
34127
34128
34130
34131
34132
34134
34212
34225
34233
34246
34253
34266
34346
34355
34359
34379
34454
34537
34560
34576
35510
35516
35519
35638
35759
35781
35789
35792
35794
35799
36381
36391
36396
36404
36414
36419
36433
36448
36452
36456
36457
36460
36466
36469
37073
37075
37077
37079
37081
37083
37085
37115
37120
37124
37127
37130
37133
37136
37139
37154
37170
37176
37181
37186
37191
37194
37197
37199
37218
37235
37242
37247
37249
37269
37276
37281
37284
37287
37290
37293
37297
37308
37318
37327
37339
37345
37351
37355
37359
37412
37431
37434
37441
37444
37445
37447
37449
37520
37534
37539
37547
37574
37581
37586
37589
37603
37619
37620
37627
37632
37633
37635
37639
37640
37642
37643
37647
37649
37671
37688
37691
37696
37697
37699
38100
38102
38104
38106
38108
38110
38112
38114
38116
38118
38120
38122
38124
38126
38154
38159
38162
38165
38170
38173
38176
38179
38226
38228
38229
38239
38259
38268
38271
38272
38274
38275
38277
38279
38300
38302
38304
38312
38315
38319
38321
38322
38324
38325
38327
38329
38350
38364
38368
38372
38373
38375
38376
38378
38379
38381
38382
38384
38385
38387
38388
38440
38442
38444
38446
38448
38458
38459
38461
38462
38464
38465
38467
38468
38470
38471
38473
38474
38476
38477
38479
38518
38524
38527
38528
38530
38531
38533
38536
38539
38542
38543
38547
38550
38551
38553
38554
38556
38557
38559
38640
38642
38644
38667
38678
38685
38690
38700
38704
38707
38709
38723
38729
38855
38871
38875
40699
40721
40723
40724
40764
40789
40822
41061
41063
41065
41066
41068
41069
41169
41179
41189
41199
41236
41238
41239
41334
41366
41372
41379
41747
41748
41749
41751
41812
41836
41844
41849
42103
42105
42107
42109
42111
42113
42115
42117
42119
42275
42277
42279
42281
42283
42285
42287
42289
42327
42329
42349
42369
42389
42399
42651
42653
42655
42657
42659
42697
42699
42719
42781
42799
42929
44135
44137
44139
44141
44143
44145
44147
44149
44225
44227
44229
44263
44265
44267
44269
44287
44289
44309
44319
44328
44329
44339
44357
44359
44369
44379
44388
45127
45128
45130
45131
45133
45134
45136
45138
45139
45141
45143
45144
45145
45147
45149
45219
45239
45257
45259
45276
45277
45279
45289
45307
45309
45326
45327
45329
45355
45356
45357
45359
45468
45470
45472
45473
45475
45476
45478
45479
45481
46045
46047
46049
46117
46119
46145
46147
46149
46236
46238
46240
46242
46244
46446
46459
46483
46485
46487
46499
46509
46514
46519
46535
46537
46539
46562
46569
47051
47053
47055
47057
47058
47059
47119
47137
47138
47139
47166
47167
47169
47178
47179
47198
47199
47226
47228
47229
47239
47249
47259
47269
47279
47441
47443
47445
47447
47475
47495
47506
47509
47533
47546
47551
47559
47574
47589
47608
47623
47624
47625
47626
47627
47638
47647
47652
47661
47665
47669
47877
47906
47918
47929
48143
48145
48147
48149
48151
48153
48155
48157
48159
48161
48163
48165
48167
48249
48268
48282
48301
48308
48329
48341
48356
48366
48369
48429
48431
48432
48455
48465
48477
48480
48485
48488
48493
48496
48499
48527
48529
48531
48565
48607
48612
48629
48653
48720
48727
49074
49076
49078
49080
49082
49084
49086
49088
49090
49124
49134
49143
49152
49163
49170
49176
49179
49186
49191
49196
49201
49205
49214
49219
49324
49326
49328
49356
49377
49393
49401
49406
49413
49419
49424
49429
49434
49439
49448
49451
49453
49456
49457
49459
49477
49479
49492
49497
49504
49509
49525
49536
49545
49549
49565
49577
49584
49586
49593
49594
49596
49597
49599
49610
49624
49626
49632
49635
49637
49638
49661
49681
49685
49688
49692
49696
49699
49716
49733
49740
49744
49751
49757
49762
49767
49770
49774
49777
49779
49808
49809
49811
49824
49828
49832
49835
49838
49843
49844
49846
49847
49849
50126
50127
50129
50169
50170
50171
50181
50189
50226
50259
50321
50354
50374
50389
50667
50668
50670
50671
50672
50674
50676
50677
50678
50733
50735
50737
50739
50765
50767
50769
50823
50825
50827
50829
50858
50859
50931
50933
50935
50937
50939
50968
50969
50996
50997
50999
51061
51063
51065
51067
51069
51103
51105
51107
51109
51143
51145
51147
51149
51371
51373
51375
51377
51379
51381
51399
51427
51429
51465
51467
51469
51491
51503
51515
51519
52511
52525
52531
52538
53111
53113
53115
53117
53119
53121
53123
53125
53127
53129
53173
53175
53177
53179
53225
53227
53229
53424
53426
53474
53489
53498
53501
53505
53506
53507
53508
53518
53520
53533
53534
53539
53545
53547
53557
53560
53562
53567
53572
53577
53578
53579
53619
54290
54292
54293
54294
54295
54296
54338
54340
54341
54346
54411
54413
54421
54422
54427
54439
54441
54455
54538
54550
54552
54558
55116
55118
55120
55122
55124
55126
55127
55128
55129
55130
55131
55232
55234
55237
55239
55246
55252
55257
55264
55265
55268
55269
55270
55271
55272
55273
55274
55276
55278
55280
55283
55286
55288
55291
55294
55296
55299
55411
55413
55422
55424
55425
55430
55432
55435
55437
55442
55444
55450
55452
55457
55459
55469
55471
55481
55483
55487
55490
55491
55494
55496
55497
55499
55543
55545
55546
55559
55576
55578
55593
55595
55596
55597
55599
56068
56070
56072
56073
56075
56076
56077
56112
56130
56132
56133
56154
56170
56179
56182
56191
56203
56204
56206
56218
56220
56235
56237
56242
56244
56249
56253
56254
56269
56271
56276
56281
56283
56288
56290
56291
56294
56295
56299
56305
56307
56316
56317
56321
56322
56323
56329
56330
56332
56333
56335
56337
56338
56340
56341
56346
56348
56349
56355
56357
56368
56370
56377
56379
56410
56412
56414
56422
56424
56427
56428
56457
56459
56462
56470
56472
56477
56479
56564
56566
56567
56575
56579
56581
56584
56587
56588
56589
56593
56594
56598
56599
56626
56630
56637
56642
56645
56648
56651
56653
56656
56659
56727
56729
56736
56743
56745
56746
56751
56753
56754
56759
56761
56766
56767
56769
56812
56814
56818
56821
56823
56825
56826
56828
56829
56841
56843
56850
56856
56858
57518
57520
57537
57539
57548
57555
57562
57567
57572
57610
57612
57614
57627
57629
57632
57635
57636
57638
57639
57641
57642
57644
57645
57647
57648
60311
60313
60314
60316
60318
60320
60322
60323
60325
60326
60327
60329
60385
60386
60388
60389
60431
60433
60435
60437
60439
60486
60487
60488
60489
60528
60529
60549
60594
60598
60599
61118
61130
61137
61138
61169
61184
61191
61194
61197
61200
61203
61206
61209
61231
61239
61250
61267
61273
61276
61279
61348
61350
61352
61381
61389
61440
61449
61462
61476
61479
63065
63067
63069
63071
63073
63075
63110
63128
63150
63165
63179
63225
63263
63303
63322
63329
63450
63452
63454
63456
63457
63477
63486
63500
63505
63512
63517
63526
63533
63538
63543
63546
63549
63571
63579
63584
63589
63594
63599
63607
63619
63628
63633
63636
63637
63639
63654
63667
63674
63683
63688
63691
63694
63695
63697
63699
63739
63739
63741
63741
63743
63743
63755
63762
63762
63768
63773
63776
63785
63785
63791
63796
63801
63801
63808
63811
63811
63814
63814
63820
63820
63825
63826
63828
63829
63831
63834
63834
63839
63839
63840
63843
63843
63846
63849
63853
63853
63856
63857
63860
63863
63864
63867
63868
63868
63869
63871
63872
63874
63875
63877
63879
63897
63897
63906
63906
63911
63911
63916
63916
63920
63920
63924
63924
63925
63925
63927
63927
63928
63930
63931
63933
63934
63936
63937
63937
63939
63939
64283
64285
64287
64289
64291
64293
64295
64297
64319
64331
64342
64347
64354
64367
64372
64380
64385
64390
64395
64397
64401
64404
64405
64407
64409
64521
64546
64560
64569
64572
64579
64584
64589
64625
64646
64653
64658
64665
64668
64673
64678
64683
64686
64689
64711
64720
64732
64739
64743
64747
64750
64753
64754
64756
64757
64759
64807
64823
64832
64839
64846
64850
64853
64859
65183
65185
65187
65189
65191
65193
65195
65197
65199
65201
65203
65205
65207
65232
65239
65307
65321
65326
65329
65343
65344
65345
65347
65366
65375
65385
65388
65391
65396
65399
65428
65439
65451
65462
65468
65474
65479
65510
65520
65527
65529
65549
65550
65551
65552
65553
65554
65555
65556
65558
65582
65594
65597
65599
65604
65606
65611
65614
65618
65620
65623
65624
65626
65627
65629
65719
65760
65779
65795
65812
65817
65824
65830
65835
65843
65929
65931
65933
65934
65936
66111
66113
66115
66117
66119
66121
66123
66125
66126
66127
66128
66129
66130
66131
66132
66133
66265
66271
66280
66287
66292
66299
66333
66346
66352
66359
66386
66399
66424
66440
66450
66453
66459
66482
66484
66497
66500
66503
66504
66506
66507
66509
66538
66539
66540
66557
66564
66571
66578
66583
66589
66606
66620
66625
66629
66636
66640
66646
66649
66663
66679
66687
66693
66701
66706
66709
66740
66763
66773
66780
66787
66793
66798
66802
66806
66809
66822
66839
66849
66851
66862
66869
66871
66877
66879
66882
66885
66887
66892
66894
66901
66903
66904
66907
66909
66914
66916
66917
66919
66953
66954
66955
66957
66969
66976
66978
66981
66987
66989
66994
66996
66999
67059
67061
67063
67065
67067
67069
67071
67098
67105
67112
67117
67122
67125
67126
67127
67133
67134
67136
67141
67146
67147
67149
67150
67152
67157
67158
67159
67161
67165
67166
67167
67169
67227
67229
67240
67245
67246
67251
67256
67258
67259
67269
67271
67273
67278
67280
67281
67283
67292
67294
67295
67297
67304
67305
67307
67308
67310
67311
67316
67317
67319
67346
67354
67360
67361
67363
67365
67366
67368
67373
67374
67376
67377
67378
67433
67434
67435
67454
67459
67466
67468
67471
67472
67473
67475
67480
67482
67483
67487
67489
67547
67549
67550
67551
67574
67575
67577
67578
67580
67582
67583
67585
67586
67587
67590
67591
67592
67593
67595
67596
67598
67599
67655
67657
67659
67661
67663
67677
67678
67680
67681
67685
67686
67688
67691
67697
67699
67700
67701
67705
67706
67707
67714
67715
67716
67718
67722
67724
67725
67727
67729
67731
67732
67734
67735
67737
67742
67744
67757
67808
67813
67814
67816
67817
67819
67821
67822
67823
68159
68161
68163
68165
68167
68169
68199
68219
68229
68239
68259
68305
68307
68309
68519
68526
68535
68542
68549
68623
68642
68647
68649
68723
68766
68775
68782
68789
68799
68804
68809
69115
69117
69118
69120
69121
69123
69124
69126
69151
69168
69181
69190
69198
69207
69214
69221
69226
69231
69234
69239
69242
69245
69250
69251
69253
69254
69256
69257
69259
69412
69434
69436
69469
69483
69488
69493
69502
69509
69514
69517
69518
70042
70159
70163
70169
70173
70174
70176
70178
70180
70182
70184
70186
70188
70190
70191
70192
70193
70195
70197
70199
70324
70327
70329
70372
70374
70376
70378
70435
70437
70439
70469
70499
70507
70546
70563
70565
70567
70569
70579
70597
70599
70601
70619
70629
71006
71031
71032
71034
71043
71052
71063
71065
71067
71069
71071
71076
71082
71083
71088
71092
71093
71101
71106
71110
71111
71116
71120
71126
71131
71134
71139
71144
71149
71154
71155
71157
71159
71220
71229
71263
71272
71277
71287
74889
74909
74915
74918
74921
74924
74925
74927
74931
74933
74934
74937
74939
75392
76726
76744
76751
76756
76761
76764
76767
76768
76770
76771
76773
76774
76776
76777
76779
76829
76831
76833
76835
76846
76848
76855
76857
76863
76865
76870
76872
76877
76879
76887
76889
76891
80331
80333
80335
80336
80337
80339
80469
80538
80539
80634
80636
80637
80638
80639
80686
80687
80689
80796
80797
80798
80799
80801
80802
80803
80804
80805
80807
80809
80933
80935
80937
80939
80992
80993
80995
80997
80999
81241
81243
81245
81247
81249
81369
81371
81373
81375
81377
81379
81475
81476
81477
81479
81539
81541
81543
81545
81547
81549
81667
81669
81671
81673
81675
81677
81679
81735
81737
81739
81825
81827
81829
81925
81927
81929
82008
82024
82031
82041
82049
82054
82061
82065
82067
82069
82110
82131
82140
82152
82166
82178
82194
82205
82216
82223
82256
82269
82278
82279
82297
82299
82399
84574
85221
85232
85235
85354
85356
85386
85399
85464
85521
85540
85551
85560
85567
85570
85579
85586
85591
85604
85609
85614
85622
85630
85635
85640
85649
85653
85656
85659
85662
85665
85716
85737
85748
85757
85764
85774
86150
86152
86153
86154
86156
86157
86159
86161
86163
86165
86167
86169
86179
86199
86316
86343
86356
86368
86391
86399
86405
86415
86420
86424
86438
86441
86444
86447
86450
86453
86456
86459
86462
86465
86470
86473
86477
86479
86482
86485
86486
86492
86494
86495
86497
86500
86502
86504
86507
86508
86510
86511
86514
86517
86551
86559
86568
86573
86574
86609
86637
86663
86672
86679
86690
86707
86807
86830
86833
86836
86845
86850
86853
86856
86859
86863
86866
86872
86877
86899
86911
86916
86919
86920
86922
86923
86926
86928
86929
86931
86932
86934
86935
86937
86938
86940
86943
86944
86946
86947
86949
86974
86981
89343
89361
89444
89449
90402
90403
90408
90409
90411
90419
90425
90427
90429
90431
90439
90441
90443
90449
90451
90453
90455
90459
90461
90465
90469
90471
90473
90475
90478
90480
90482
90489
90491
90571
90762
90763
90765
90766
90768
91052
91054
91056
91058
91080
91336
91459
97070
97072
97074
97076
97078
97080
97082
97084
97199
97204
97209
97218
97222
97225
97228
97230
97232
97234
97236
97237
97239
97241
97243
97244
97246
97247
97249
97250
97252
97253
97255
97256
97258
97259
97261
97262
97264
97265
97267
97268
97270
97271
97273
97274
97276
97277
97279
97280
97282
97283
97285
97286
97288
97289
97291
97292
97294
97295
97297
97299
97318
97320
97332
97334
97337
97340
97342
97346
97347
97348
97350
97353
97355
97357
97359
97421
97422
97424
97432
97437
97440
97447
97450
97453
97456
97461
97464
97469
97475
97478
97483
97486
97488
97490
97491
97493
97494
97496
97497
97499
97500
97502
97503
97505
97506
97508
97509
97511
97513
97514
97516
97517
97519
97520
97522
97523
97525
97526
97528
97529
97531
97534
97535
97537
97539
97553
97616
97618
97631
97633
97638
97640
97645
97650
97653
97654
97656
97657
97659
97688
97702
97705
97708
97711
97714
97717
97720
97723
97724
97725
97727
97729
97737
97749
97753
97762
97769
97772
97773
97775
97776
97778
97779
97780
97782
97783
97785
97786
97788
97789
97791
97792
97794
97795
97797
97799
97816
97828
97833
97834
97836
97837
97839
97840
97842
97843
97845
97846
97848
97849
97851
97852
97854
97855
97857
97859
97892
97893
97896
97901
97903
97904
97906
97907
97909
98527
98528
98529
98530
98544
98547
98554
98559
98574
98587
98590
98593
98596
98597
98599
98617
98631
98634
98639
98693
98701
98704
98708
98711
98714
98716
99084
99085
99086
99087
99089
99091
99092
99094
99096
99097
99098
99099
99100
99102
99189
99192
99195
99198
99310
99326
99330
99334
99338
99423
99425
99427
99428
99438
99439
99441
99444
99448
99510
99518
99610
99625
99628
99631
99634
99636
99638
99706
99707
99713
99718
99734
99735
99752
99755
99759
99762
99765
99768
99817
99819
99826
99830
99831
99834
99837
99842
99846
99848
99867
99869
99880
99885
99887
99891
99894
99897
99947
99955
99958
99974
99976
99986
99988
99991
99994
99996
99998
1067
1069
1097
1099
1108
1109
1127
1129
1139
1156
1157
1159
1169
1187
1189
1217
1219
1237
1239
1257
1259
1277
1279
1307
1309
1324
1326
1328
1445
1454
1465
1468
1705
1796
1809
4103
4105
4107
4109
4129
4155
4157
4158
4159
4177
4178
4179
4205
4207
4209
4229
4249
4275
4277
4279
4288
4289
4299
4315
4316
4317
4318
4319
4328
4329
4347
4349
4356
4357
4416
4420
4425
4600
4603
4610
4613
4617
4618
4626
4639
6556
6567
6571
6577
6578
7343
7349
7356
7366
7368
7381
7387
7389
7545
7546
7548
7549
7551
7552
7554
7557
7570
7580
7586
7589
7607
7613
7616
7619
7629
7639
7646
7743
7745
7747
7749
7751
7768
7774
7778
7806
7819
7907
7922
7924
7926
7927
7929
7937
7950
7955
7957
7958
7973
7980
7987
7989
59348
59387
59394
59399
72535
73312
73329
73337
73340
73345
73529
85072
85100
85110
85125
86476
86480
86488
86489
86491
86498
86519
88433
88471
88477
88480
88481
88483
88486
88487
88489
89073
89075
89077
89079
89081
89129
89134
89143
89150
89155
89160
89165
89168
89171
89173
89174
89176
89177
89179
89180
89182
89183
89185
89186
89188
89189
89191
89192
89194
89195
89197
89198
89231
89233
89250
89257
89264
89269
89275
89278
89281
89284
89287
89290
89291
89294
89296
89297
89299
89312
89331
89335
89340
89346
89347
89352
89358
89359
89362
89364
89367
89431
89537
89542
89547
89567
89568
89584
89601
89604
89605
89608
89610
89614
89616
90513
90518
90530
90537
90584
90596
91077
91083
91088
91096
91099
91126
91154
91161
91166
91171
91174
91177
91180
91183
91186
91187
91189
91710
91719
91720
91723
91728
91729
91735
91738
91741
91747
91757
91781
91785
91788
91790
91792
91793
91796
91798
91799
91801
91802
91805
91807
12529
14467
14469
14471
14473
14476
14478
14480
14482
14513
14532
14542
14547
14548
14552
14554
14558
14612
14621
14624
14641
14656
14959
14974
14979
15344
15345
15366
15370
15378
15517
15528
15537
15562
15566
15569
15711
15712
15713
15732
15738
15745
15749
15806
15827
15831
15834
15838
16225
16227
16321
16341
16348
16356
16359
16515
16540
16547
16548
16552
16556
16562
16567
16727
16761
16767
24241
24254
24259
24340
24802
23714
24589
25468
22023
22927
22943
22946
21493
21500
21514
21516
22941
22952
22959
22964
22965
22969
23840
23841
23843
23847
23881
23883
23896
23898
23909
23911
